Running 3m test @ http://localhost:8080
  3 threads and 99 connections
  Thread calibration: mean lat.: 1.144ms, rate sampling interval: 10ms
  Thread calibration: mean lat.: 1.141ms, rate sampling interval: 10ms
  Thread calibration: mean lat.: 1.146ms, rate sampling interval: 10ms
  Thread Stats   Avg      Stdev     Max   +/- Stdev
    Latency     1.20ms    5.20ms 157.57ms   99.09%
    Req/Sec     3.17k   802.16    54.44k    98.67%
  Latency Distribution (HdrHistogram - Recorded Latency)
 50.000%  813.00us
 75.000%    1.14ms
 90.000%    1.37ms
 99.000%    3.84ms
 99.900%   90.69ms
 99.990%  148.61ms
 99.999%  156.29ms
100.000%  157.70ms

  Detailed Percentile spectrum:
       Value   Percentile   TotalCount 1/(1-Percentile)

       0.031     0.000000            2         1.00
       0.257     0.100000       153588         1.11
       0.399     0.200000       306338         1.25
       0.537     0.300000       458833         1.43
       0.678     0.400000       611804         1.67
       0.813     0.500000       764684         2.00
       0.879     0.550000       841266         2.22
       0.944     0.600000       917587         2.50
       1.009     0.650000       993768         2.86
       1.073     0.700000      1070445         3.33
       1.138     0.750000      1147390         4.00
       1.170     0.775000      1185039         4.44
       1.203     0.800000      1223550         5.00
       1.237     0.825000      1261780         5.71
       1.274     0.850000      1300280         6.67
       1.316     0.875000      1337680         8.00
       1.341     0.887500      1357135         8.89
       1.369     0.900000      1375792        10.00
       1.403     0.912500      1394830        11.43
       1.448     0.925000      1413981        13.33
       1.513     0.937500      1433168        16.00
       1.554     0.943750      1442665        17.78
       1.600     0.950000      1452255        20.00
       1.652     0.956250      1461790        22.86
       1.707     0.962500      1471270        26.67
       1.766     0.968750      1480786        32.00
       1.797     0.971875      1485541        35.56
       1.830     0.975000      1490334        40.00
       1.868     0.978125      1495114        45.71
       1.912     0.981250      1499908        53.33
       1.968     0.984375      1504700        64.00
       2.005     0.985938      1507033        71.11
       2.059     0.987500      1509428        80.00
       2.165     0.989062      1511805        91.43
       5.743     0.990625      1514192       106.67
      10.727     0.992188      1516581       128.00
      13.823     0.992969      1517777       142.22
      17.023     0.993750      1518968       160.00
      21.759     0.994531      1520162       182.86
      26.911     0.995313      1521358       213.33
      37.407     0.996094      1522551       256.00
      43.135     0.996484      1523151       284.44
      48.863     0.996875      1523747       320.00
      54.719     0.997266      1524342       365.71
      60.383     0.997656      1524940       426.67
      67.007     0.998047      1525541       512.00
      70.143     0.998242      1525838       568.89
      74.943     0.998437      1526135       640.00
      80.255     0.998633      1526434       731.43
      85.503     0.998828      1526735       853.33
      91.263     0.999023      1527030      1024.00
      94.399     0.999121      1527178      1137.78
      97.791     0.999219      1527331      1280.00
     102.527     0.999316      1527478      1462.86
     109.183     0.999414      1527626      1706.67
     116.991     0.999512      1527775      2048.00
     121.279     0.999561      1527851      2275.56
     125.183     0.999609      1527924      2560.00
     129.087     0.999658      1528001      2925.71
     133.119     0.999707      1528079      3413.33
     136.959     0.999756      1528150      4096.00
     139.263     0.999780      1528187      4551.11
     141.183     0.999805      1528225      5120.00
     143.103     0.999829      1528260      5851.43
     145.279     0.999854      1528299      6826.67
     146.687     0.999878      1528337      8192.00
     147.711     0.999890      1528354      9102.22
     148.863     0.999902      1528373     10240.00
     149.887     0.999915      1528392     11702.86
     150.911     0.999927      1528410     13653.33
     151.935     0.999939      1528429     16384.00
     152.575     0.999945      1528438     18204.44
     153.087     0.999951      1528450     20480.00
     153.471     0.999957      1528457     23405.71
     153.983     0.999963      1528469     27306.67
     154.239     0.999969      1528476     32768.00
     154.879     0.999973      1528482     36408.89
     155.007     0.999976      1528488     40960.00
     155.263     0.999979      1528489     46811.43
     155.647     0.999982      1528494     54613.33
     155.775     0.999985      1528498     65536.00
     155.903     0.999986      1528501     72817.78
     156.031     0.999988      1528504     81920.00
     156.159     0.999989      1528505     93622.86
     156.543     0.999991      1528510    109226.67
     156.543     0.999992      1528510    131072.00
     156.671     0.999993      1528513    145635.56
     156.671     0.999994      1528513    163840.00
     156.671     0.999995      1528513    187245.71
     156.799     0.999995      1528516    218453.33
     156.799     0.999996      1528516    262144.00
     156.799     0.999997      1528516    291271.11
     156.927     0.999997      1528519    327680.00
     156.927     0.999997      1528519    374491.43
     156.927     0.999998      1528519    436906.67
     156.927     0.999998      1528519    524288.00
     156.927     0.999998      1528519    582542.22
     156.927     0.999998      1528519    655360.00
     156.927     0.999999      1528519    748982.86
     157.055     0.999999      1528520    873813.33
     157.055     0.999999      1528520   1048576.00
     157.055     0.999999      1528520   1165084.44
     157.055     0.999999      1528520   1310720.00
     157.055     0.999999      1528520   1497965.71
     157.695     0.999999      1528521   1747626.67
     157.695     1.000000      1528521          inf
#[Mean    =        1.199, StdDeviation   =        5.199]
#[Max     =      157.568, Total count    =      1528521]
#[Buckets =           27, SubBuckets     =         2048]
----------------------------------------------------------
  1619330 requests in 3.00m, 225.47MB read
Requests/sec:   8996.25
Transfer/sec:      1.25MB
